age = 13.736330177199866
dastar = 14.017626358065352
kd = 0.1392619259699421
keq = 0.009924095392827379
nz = 401
rdrag = 148.63641129366366
rs_zdrag = 148.63641129366366
rstar = 145.99501816070287
thetad = 0.16093221767211008
thetaeq = 0.8421939651015393
thetarseq = 0.46433433998912094
thetastar = 1.0415102702227572
zdrag = 1059.9498020032531
zeq = 3251.5100518678846
zstar = 1089.2460658964446
