age = 13.736330177199866
dastar = 14.017605067534767
kd = 0.13936285870475207
keq = 0.009924095392827379
nz = 401
rdrag = 148.6447629220215
rs_zdrag = 148.6447629220215
rstar = 146.0046547064368
thetad = 0.1608159077089219
thetaeq = 0.8421952442613021
thetarseq = 0.46433504523972685
thetastar = 1.0415805981336168
zdrag = 1059.858965240527
zeq = 3251.5100518678846
zstar = 1089.1370923280142
