a_s = 1e-09
baryon_fraction = 0.07389417233316674
cs2_de = 1.0
h0 = 0.7
hubble = 70.0
k = -0.0
log_as1e9 = 0.0
massive_nu = 1
massless_nu = 2.030666666666667
mnu = 0.06
n_eff = 3.0460000000000003
n_s = 0.9665
num_nu_massive = 1
num_nu_massless = 2.030666666666667
ombh2 = 0.019599999999999996
omch2 = 0.24499999999999997
omega_b = 0.039999999999999994
omega_c = 0.5
omega_k = 0.0
omega_lambda = 0.45868339102257516
omega_m = 0.5413166089774248
omega_nu = 0.0013166089774248545
omlamh2 = 0.22475580846038215
ommh2 = 0.26524513839893815
omnuh2 = 0.0006451383989381787
s_8 = 1.134520395577159
sigma_12 = 0.8101069316464912
sigma_8 = 0.8445925743623535
tau = 0.0861
w = -1.0
wa = 0.0
yhe = 0.24689572878310725
