a_s = 2.1841e-09
baryon_fraction = 0.16487455197132617
cs2_de = 1.0
h0 = 0.7
hubble = 70.0
k = -0.0
massive_nu = 1
massless_nu = 2.030666666666667
mnu = 0.06
n_eff = 3.0460000000000003
n_s = 0.97
num_nu_massive = 1
num_nu_massless = 2.030666666666667
ombh2 = 0.02254
omch2 = 0.11352580846038221
omega_b = 0.046000000000000006
omega_c = 0.23168532338853515
omega_k = 0.0
omega_lambda = 0.72099806763404
omega_m = 0.27900193236596005
omega_nu = 0.0013166089774248545
omlamh2 = 0.35328999999999994
ommh2 = 0.1367109468593204
omnuh2 = 0.0006451383989381787
s_8 = 0.7763453298494334
sigma_12 = 0.7790042651564368
sigma_8 = 0.8050298176527347
tau = 0.0851
w = -1.0
wa = 0.0
