age = 13.735675752125045
dastar = 14.013709492121277
kd = 0.13943332895902452
keq = 0.009970786079831921
nz = 401
rdrag = 148.46749009522898
rs_zdrag = 148.46749009522898
rstar = 145.82978534935972
thetad = 0.160779312122132
thetaeq = 0.8384685922730527
thetarseq = 0.4623739704648542
thetastar = 1.0406222951271216
zdrag = 1059.9927625594514
zeq = 3266.908773131097
zstar = 1089.2981228400363
