age = 11.328351711513655
dastar = 10.72623199811132
kd = 0.1628767748422305
keq = 0.019298446623832236
nz = 401
rdrag = 125.29364818839673
rs_zdrag = 125.29364818839673
rstar = 122.28769063487964
thetad = 0.17982229057659227
thetaeq = 0.5659811313452717
thetarseq = 0.3198409131827143
thetastar = 1.1400806047865841
zdrag = 1061.4114514558466
zeq = 6323.98472218922
zstar = 1104.3380061056869
