# 2pt_covariance
9.716696838893320895e-12 7.893865031091147725e-13 1.108468817382956554e-12 6.858799827389683104e-13 6.205531624556386272e-13 3.286269458935395896e-13 2.704141112492447093e-13 1.651059749479474074e-12 1.153276268875094686e-12 1.054432793732021927e-12 7.576066618802050699e-13 5.469540783505691222e-13 4.272874755162764655e-13 3.576806484597798224e-13 1.686194215412123795e-12 1.387361365863305300e-12 1.068058293082027239e-12 9.176306286929956621e-13 6.941243645541256082e-13 3.987912663845442427e-13 3.492661229665395069e-13 2.152704322588409428e-12 1.176269918878247678e-12 1.003904531892003211e-12 8.072752778776367167e-13 5.870147042946516914e-13 4.384950225513707069e-13 3.265278411088297629e-13 1.466183190724763761e-12 1.193971693255805809e-12 1.020354370440070837e-12 7.566709957299285020e-13 7.920020037471616995e-13 4.316574423749617633e-13 3.759897017545446162e-13 1.762032254787510351e-12 1.154391621344624068e-12 1.031021218227218500e-12 8.499267442695032841e-13 6.253689743244864707e-13 5.679459092600372224e-13 4.394206535779548270e-13 2.050214287885031629e-12 1.491180638227497147e-12 9.835969791554379749e-13 9.260795106759596655e-13 6.768904724965479010e-13 5.477628321297891774e-13 4.118049005443979074e-13 2.154103718257789777e-12 1.258507984527077846e-12 9.030756271520510448e-13 8.620329556625967553e-13 7.740481414256848377e-13 6.700009622255212607e-13 5.030836303729231794e-13 1.816185474101721408e-12 1.371299207035185414e-12 8.491923680609468304e-13 7.496849137374612885e-13 7.757975384650677214e-13 4.918543150094045915e-13 4.277514408353417138e-13 1.506280345474229831e-12 1.669293382198887620e-12 1.039982062152980523e-12 1.036424608648864543e-12 7.503235743502583344e-13 6.276219675716685260e-13 3.975583177299423793e-13 2.383786731651351643e-13 2.454382493610779621e-13 1.220957827700240370e-13 1.175941058862828477e-13 1.181445427442554705e-13 8.732035454772605617e-14 8.865750538145799372e-14 2.255204867300512699e-13 1.999290039864948931e-13 2.065859275297112512e-13 1.873641774994896558e-13 1.209775705623569030e-13 1.219384386603068441e-13 1.048125348496387710e-13 3.358702469167515201e-13 2.037342269519721880e-13 1.601288113891278316e-13 1.395693235879303909e-13 1.432607040379252889e-13 1.276065961197864766e-13 1.089005581971315903e-13 2.514889153855774607e-13 3.644314852633475409e-13 1.938915544397141788e-13 1.327432685942338648e-13 1.181742993114192936e-13 1.249472949696378936e-13 1.157965330796268456e-13 2.821631831422161924e-13 2.774252246043341083e-13 1.274985662724226806e-13 1.006185550840366513e-13 1.292968381523360491e-13 1.265357454997352918e-13 8.444715187534872233e-14 2.392696710187472622e-13 2.359755627875190076e-13 2.119865456650495756e-13 1.657964675588067465e-13 1.355001026460172517e-13 1.238783445710822016e-13 6.844406043355853186e-14 3.085549546035986378e-13 2.089320178838253022e-13 2.075966090688096406e-13 1.869049201716845966e-13 1.533800238418619586e-13 1.483487654384924443e-13 1.100925001646891080e-13 2.698209284995704802e-13 2.306988432002353433e-13 2.378502218061409684e-13 1.781697917024508544e-13 1.389983226915826680e-13 1.208083724923408970e-13 6.662193105442025472e-14 3.059537851271378397e-13 3.035105368563235736e-13 1.567994726380062820e-13 1.380914730424885546e-13 1.193326402879130377e-13 1.161478091968282925e-13 2.854375174721294702e-14 9.812457666068467652e-14 2.811268234309281133e-13 2.278657036818479625e-13 1.246356819961936459e-13 2.088932168281416174e-13 7.016508844426106047e-14 -1.324854963166660391e-14
7.893865031091147725e-13 4.972329654134948128e-12 6.292862098375570058e-13 3.765269619559644375e-13 2.998394054947972509e-13 2.225110625936818752e-13 2.232377256240761322e-13 1.120096411371717357e-12 8.843669098599408240e-13 7.435994288697242311e-13 6.171733213949190780e-13 4.102800221057949092e-13 3.067630165955667692e-13 2.817151558566837128e-13 1.463132038946913184e-12 1.149374537848147893e-12 8.833932568940002913e-13 6.935993245307174842e-13 4.518288556278677884e-13 3.748284252544457131e-13 2.937080406146458509e-13 1.543009065720431592e-12 9.605221985589470549e-13 8.716442422237265981e-13 7.862294914596551082e-13 4.953218494521488609e-13 4.398338741586645927e-13 3.260638942224914851e-13 1.091723740949398139e-12 7.820806608579802596e-13 7.657132260864929695e-13 6.059532213193842364e-13 4.455202455597984721e-13 3.740673689374061751e-13 3.087650606405776852e-13 1.200827433958885013e-12 9.814785628994526591e-13 7.345727835874615144e-13 6.526767199943946059e-13 4.368935498370810621e-13 3.975938016599726112e-13 3.083747264306950801e-13 1.325145836012212153e-12 1.204538454412864527e-12 9.595104328027255114e-13 8.246697102998208352e-13 5.313412250847734275e-13 5.071447375521681227e-13 3.647941619864539067e-13 1.342995616804622386e-12 9.435544769332958896e-13 9.110594610848236734e-13 7.325775553884965392e-13 5.254069075660483038e-13 3.376244823446162645e-13 2.386297007102982275e-13 1.399741585694763696e-12 1.059204585647705312e-12 9.851650361889491169e-13 7.919391552129694354e-13 5.767378363137652322e-13 4.277875598234860720e-13 3.866759787370384527e-13 2.022356184061949495e-12 1.445147768065110690e-12 8.898630937253878180e-13 9.849792675195226849e-13 6.067707563752375690e-13 6.562895782021878886e-13 5.152812635977044413e-13 1.444937696151844502e-13 1.373192113636301790e-13 9.945679740805078833e-14 8.512590507962951119e-14 7.209858575497642562e-14 5.622929248342507488e-14 7.093349895353461749e-14 1.947631493040719288e-13 1.387294852531698408e-13 8.431067189605053775e-14 8.859854023212377937e-14 7.764342864294257641e-14 9.069036935575778316e-14 6.078326116049441438e-14 2.201904843406337310e-13 1.241528082171858830e-13 1.204422314817755031e-13 1.145426415044731738e-13 1.167591387665878813e-13 7.709971966592560531e-14 5.445795911428874533e-14 1.707706133150088937e-13 1.655294021123545144e-13 1.018902784073368440e-13 1.095635295307015208e-13 7.052477695774644241e-14 9.346540927779970725e-14 6.693630614707316899e-14 1.950030144551122862e-13 1.815017440658851560e-13 1.090375021518261421e-13 7.632091528510199513e-14 8.038497547661058746e-14 8.061588661132620333e-14 6.815711423243882392e-14 1.818496291503448095e-13 1.678971343723220212e-13 1.451322703761134470e-13 9.375690285101132929e-14 1.224929828967445350e-13 1.203653490519273122e-13 7.169355651228292599e-14 2.097495140292108645e-13 1.794843296022725370e-13 1.557007119397360311e-13 1.099910440885273417e-13 1.223613495339110307e-13 1.163157911825091020e-13 9.993729588717381491e-14 2.207124674412024746e-13 1.780272075070634361e-13 1.472599576788738253e-13 8.247453134629696154e-14 1.611786073425081887e-13 1.595344460253749392e-13 8.140876735784763227e-14 2.348254354355276473e-13 1.686363404248184894e-13 1.442838781655873952e-13 1.085405335139953825e-13 1.527698850671944182e-13 1.656609668395423161e-13 7.006850201778969988e-14 2.558851885057399291e-13 9.693125117246471430e-14 2.310482790709717816e-13 1.260415798556018052e-13 1.913490140514197217e-13 2.330623778325342275e-13 1.001301670022297121e-13
1.108468817382956554e-12 6.292862098375570058e-13 3.318087007373904737e-12 4.656060542091706602e-13 3.744432233220798911e-13 2.720424026448053914e-13 2.969745932331541091e-13 8.783687410253104854e-13 8.350196070674018526e-13 7.502046516712567653e-13 5.261343729245712304e-13 4.249110245901538572e-13 3.329564532788176773e-13 2.373456884267065638e-13 9.045398232609131456e-13 9.192173543347825255e-13 8.160323572973965030e-13 6.667739618124849369e-13 4.304322142311039157e-13 3.228922901980271897e-13 2.577617695181390468e-13 9.755301922817522873e-13 7.687382129750326926e-13 9.170036870082434871e-13 6.737675754556522984e-13 4.204379155477451801e-13 4.359627639208106077e-13 3.295275294992883884e-13 8.885573175520904761e-13 6.752715677944544327e-13 6.148876264136858572e-13 5.440607213204091437e-13 3.619850340402863094e-13 3.126059939373676951e-13 2.177073425362575457e-13 8.620220781499338454e-13 8.777650225118022066e-13 5.795123179466502540e-13 4.378208564824613659e-13 3.768521329437001893e-13 3.230139838201227939e-13 2.715071777118579767e-13 9.838939227875329928e-13 6.744505254596329432e-13 5.892830728478410857e-13 6.129977171017976041e-13 4.228461777596792223e-13 3.091758932544371792e-13 2.799681107059366719e-13 1.186790330033194119e-12 7.176506784704268315e-13 6.432651067150128763e-13 6.368752113485790988e-13 4.415759059956242732e-13 3.813027940746208802e-13 2.903793110225128278e-13 9.269349919354367754e-13 6.839730707160753503e-13 5.504527935674961479e-13 5.855924153114844244e-13 4.343403865701321307e-13 3.622778192436447694e-13 3.034895914244568528e-13 8.182973366775494577e-13 7.274879596267136215e-13 4.892161739260784615e-13 3.798240359640834246e-13 4.456611737339410158e-13 4.167749319748674175e-13 3.525964394423947085e-13 1.286578513298092578e-13 8.494642860259599565e-14 8.030229246266689564e-14 8.928070095355996602e-14 8.405523195308252662e-14 6.761498072300999141e-14 5.604450786547543267e-14 1.244147733392303737e-13 1.485415464573164780e-13 1.035553182253734583e-13 9.654191327226600209e-14 7.564451948548373865e-14 6.830366919625776256e-14 6.661085847053533808e-14 1.738928450551300587e-13 1.256911805937117697e-13 1.201788178888189508e-13 1.058475834976536952e-13 1.043142670043878915e-13 6.205102044999736421e-14 6.779118386771967187e-14 2.074577722587538276e-13 1.963816833096147771e-13 1.235337399174870808e-13 1.057374403613491661e-13 6.129914327793238075e-14 6.484455567834781435e-14 8.434122075227520712e-14 1.687228726095137191e-13 1.461128060261749426e-13 7.158976396257846367e-14 3.439977615904359740e-14 5.884945896131657036e-14 5.565002926193965051e-14 5.648995197009705677e-14 1.491173487262881024e-13 1.061337997868821790e-13 1.218976863251481852e-13 6.242691805438397446e-14 7.541317383611780760e-14 5.082954527016347510e-14 5.742962187745746957e-14 1.379875219653573236e-13 1.099886539467428733e-13 1.035720554296644610e-13 8.121206781064097818e-14 8.229094144516531265e-14 6.700464589676774481e-14 7.610844353758351353e-14 1.707101770479728645e-13 1.376304563988952881e-13 1.524020844184192864e-13 8.604605221415459512e-14 7.322373101310137012e-14 4.543490728035992434e-14 6.235444900022947129e-14 1.384970632554704160e-13 1.508196354499527337e-13 1.046711822036918743e-13 7.958400485937422678e-14 6.142392954353278523e-14 4.713070840964041876e-14 7.978013412487451332e-14 2.384174148974991753e-13 1.233647250435050026e-13 1.026279269872953649e-13 3.795033678270302034e-14 2.262764546331827242e-14 9.521191654941756449e-14 1.117587575169221974e-13
6.858799827389683104e-13 3.765269619559644375e-13 4.656060542091706602e-13 1.885262329526620407e-12 3.870432516229428948e-13 2.378388870144174532e-13 2.279364776724199950e-13 5.537482447813578422e-13 5.516267201396514811e-13 5.518057740725629495e-13 5.039499416461079720e-13 3.705585744059490386e-13 2.540540957167262160e-13 2.045200976963821202e-13 5.267759592541682117e-13 5.574057225180938482e-13 5.601390371907403971e-13 5.421373718869077332e-13 4.436527750447071020e-13 2.816498922159170718e-13 2.508584927278599674e-13 6.735391181731696306e-13 5.354302168204095688e-13 5.593535930854455890e-13 5.454304938402095505e-13 4.217449547847636071e-13 3.431589642316243884e-13 2.654601792182943835e-13 6.011615794751018778e-13 4.206665336907258268e-13 3.784749654719919236e-13 3.100786466884025677e-13 3.371629285615081400e-13 2.366344957805357870e-13 1.661530214212015735e-13 5.076815396898693836e-13 4.485297718245978999e-13 3.864113401936261515e-13 3.524033567343440983e-13 3.471615947503328480e-13 2.593319219995874815e-13 1.925723109669279979e-13 7.289284135451320991e-13 5.359564291936384181e-13 3.882374924643854682e-13 4.411118647860127697e-13 3.118487077354759143e-13 3.012387283416764472e-13 2.146491253965314721e-13 5.399425656958222774e-13 4.730284898695663922e-13 4.813348870585530578e-13 3.972633992538225124e-13 3.183104581882766266e-13 3.300174534742132336e-13 2.551847691043000310e-13 6.823880975822133677e-13 5.423540743376880713e-13 5.049277325127257920e-13 3.985253165127666863e-13 3.894034971084362717e-13 3.159956493630800459e-13 2.844273176518845142e-13 6.076369337113613059e-13 5.991037410479677600e-13 6.627747510709187179e-13 4.619363718417839066e-13 3.995501880069996225e-13 3.606385602629900930e-13 2.556016905515680891e-13 7.071407471533761200e-14 8.194840588297805434e-14 6.414640494266207454e-14 7.022147722954281746e-14 4.480359670926543161e-14 4.402175425300238202e-14 3.654197527379540613e-14 5.897957550875261589e-14 7.598072536489778218e-14 6.231937802354008088e-14 5.460530900379366918e-14 5.643049468430642164e-14 4.738102745220737044e-14 5.099466638076346732e-14 2.373331761164222943e-14 3.552807313106345324e-14 5.301292889964710068e-14 7.867816483366458354e-14 7.134605058932597166e-14 4.453584574948212589e-14 5.761316829465222442e-14 2.310290610660504524e-14 2.784258308307444333e-14 5.007527212835470485e-14 7.210122877892300900e-14 5.607357263959997974e-14 4.830567811741054199e-14 7.736938561006881820e-14 6.239947312182533389e-14 5.426006676275156690e-14 8.024908898191105850e-14 3.572660813241741029e-14 5.387465897910420018e-14 6.267207144477883625e-14 4.402448426406727398e-14 2.778505128076219928e-14 5.887791564306069240e-14 5.755982533781888756e-14 6.601262786519103722e-14 5.676169958945773802e-14 5.845195438477643085e-14 4.208608698067712156e-14 6.055396860623416262e-14 6.727981496254112931e-14 6.459549299862086390e-14 6.959816349354826070e-14 7.636966957117139062e-14 5.578012545700601676e-14 6.656005373537726466e-14 5.991090280728132066e-14 5.774756319115374238e-14 3.304870759932028056e-14 6.139273643551185832e-14 7.109670623339941249e-14 5.058650603368988269e-14 2.539421437033333132e-14 6.937560405632480702e-14 2.481933102386904320e-14 3.004618667656835472e-14 8.333495004388967293e-14 6.131099809725771723e-14 5.208009668438080864e-14 3.820306941815756513e-14 9.827887293325804417e-14 4.739404963109010986e-14 6.828808869097365030e-14 7.608111275516223569e-14 8.625801792784751902e-14 6.063655144182557256e-14 2.204671832502805321e-14
6.205531624556386272e-13 2.998394054947972509e-13 3.744432233220798911e-13 3.870432516229428948e-13 1.143449904407150734e-12 2.690347530366306988e-13 2.465986346886379174e-13 5.411153331280326514e-13 4.562067142345461996e-13 4.146927135223524481e-13 3.895291618354652177e-13 3.630150807567833513e-13 2.715809756037400625e-13 2.268368106057635649e-13 5.474745214119097941e-13 5.599263755403925359e-13 4.179920371471205138e-13 4.386967163935558134e-13 4.359907591413248367e-13 2.826121370801388088e-13 2.445942618058680949e-13 6.154534868373394333e-13 3.913246332265726007e-13 4.144072475122142978e-13 4.177828307889154524e-13 4.235699571365165908e-13 3.331857053620453032e-13 2.702708813879245137e-13 5.810407787643468593e-13 4.489991883957789883e-13 3.971832673661145150e-13 3.690513253759219685e-13 3.272432920093018591e-13 2.125240719035238119e-13 1.813658321267579889e-13 5.595036602076865143e-13 5.100648643155049643e-13 4.256707747660059687e-13 3.099659356979169781e-13 2.832114634336834465e-13 2.285930074121493878e-13 1.763345542601933295e-13 5.530546561622657559e-13 4.912007717734455140e-13 4.270880918150422998e-13 4.011750249802067038e-13 3.147464876652010432e-13 2.471262948008265003e-13 2.169443401501699183e-13 6.015295719565355705e-13 5.298391488222165888e-13 4.552346470943720209e-13 4.222220292332517801e-13 3.573572542160881679e-13 3.055469428566784097e-13 2.286260048733286410e-13 5.813144534314029861e-13 5.200613300550626505e-13 3.902369628909975063e-13 4.518948210913825461e-13 3.440783669337294805e-13 2.786896762534847426e-13 2.425759568059558451e-13 6.557424347105310758e-13 3.748010536212137854e-13 5.067183772537905571e-13 4.600754467653607959e-13 4.236500699033996198e-13 3.544278292477108729e-13 2.547670324567954109e-13 1.494419133647242241e-14 3.256939071530122531e-14 4.404434834123831972e-14 3.026184872964791748e-14 4.306473080734444827e-14 3.851418258141882563e-14 4.712554265105237485e-14 4.164918888609738878e-14 4.610121276975014077e-14 6.443240999742063123e-14 5.611185712747097381e-14 5.475583862867305212e-14 5.168027969243366011e-14 5.528912370598123204e-14 4.409534802206967844e-14 2.312846846667496823e-14 5.699106560346221838e-14 5.176080170159360253e-14 4.153319076871745000e-14 5.995834560784633768e-14 5.916066047115693699e-14 1.212685131167929079e-14 3.742046173155025400e-14 5.541238051359434970e-14 4.864876274169345559e-14 5.094936385766544912e-14 6.532109347125798697e-14 6.741489008647119954e-14 4.958855702690063122e-14 6.947686573504271959e-14 4.668352213756415820e-14 4.260239171550772874e-14 5.609991831100101339e-14 4.831409147178252416e-14 4.810563024938661237e-14 5.759272785331406477e-14 9.007422907935712617e-14 4.499896633784068326e-14 5.357672761378205597e-14 5.438104146455990275e-14 4.511709801743917111e-14 5.407002286752403781e-14 3.998216831592213632e-14 6.311178715782248720e-14 7.797826379171727882e-14 5.852110145193986106e-14 6.194093250048047786e-14 5.888024784599500546e-14 6.713538647959633272e-14 4.728573599632816549e-14 7.884662681272147511e-14 5.918674787873501733e-14 5.669981472966706379e-14 6.512949631156357914e-14 4.331328187751865664e-14 5.906497103099693008e-14 5.818027154262925087e-14 7.159639389665925758e-14 5.762017869011435573e-14 5.871629568787409321e-14 7.365943564840702879e-14 5.622276466297679824e-14 6.674034466311380366e-14 7.232886094637552284e-14 6.017743858992200785e-14 4.345094514634514652e-14 4.441534983366709982e-14 9.109169110735118167e-14 8.014718333414592973e-14 6.090149686565595269e-14
3.286269458935395896e-13 2.225110625936818752e-13 2.720424026448053914e-13 2.378388870144174532e-13 2.690347530366306988e-13 7.222837362508472786e-13 2.330968264698913366e-13 3.917159398677886489e-13 3.260952244972032468e-13 3.182556049121208713e-13 2.715572099414946331e-13 2.643458968956856583e-13 2.650345324385046284e-13 2.217580018557479608e-13 3.890986094399715767e-13 3.661364225035655783e-13 3.149910834196880036e-13 3.289393101767902118e-13 2.979949248140160740e-13 2.812096140737030867e-13 2.270815110081755167e-13 4.394604169855439504e-13 2.753460728303879907e-13 3.436057773351075155e-13 3.606546582123059108e-13 3.227661884011684623e-13 3.110520424025741687e-13 2.606175507272759390e-13 3.938152103520501424e-13 3.448667695156602928e-13 3.130715421067149681e-13 2.579934123372411530e-13 2.548062285125852052e-13 2.183021676046147629e-13 1.737564352731218971e-13 3.895552140187359377e-13 3.822335232306586939e-13 3.063633016245678857e-13 2.650058030583731354e-13 2.500743060710924815e-13 2.384260147831462182e-13 1.953429685023915827e-13 4.725285755635007296e-13 4.402816784955855249e-13 3.057090584805740356e-13 3.033664946178735106e-13 2.500575486246629374e-13 2.530018938916224843e-13 1.905188493520951823e-13 4.654570976151100163e-13 3.276127270467684703e-13 2.902727563911622891e-13 3.096413171391782274e-13 3.078607278800182529e-13 2.466785910564605269e-13 2.382312171806671585e-13 4.735051268302642134e-13 4.234761954767293333e-13 3.678018899338608500e-13 2.978768831550100834e-13 3.054360430151739688e-13 2.503883640060237399e-13 2.528011672152481740e-13 6.894843757986149193e-13 2.933026290578810317e-13 4.527819601440240049e-13 3.357316048696072062e-13 2.502370212854174758e-13 3.106247632324639551e-13 2.467050480172177148e-13 3.002822702966677704e-14 1.438332412817668728e-14 1.859255681195659426e-14 3.069664617243051265e-14 3.300757175675804488e-14 4.025316447097811050e-14 3.775395676707772713e-14 2.835977651406295487e-14 3.707478243821495812e-15 1.827458756170203510e-14 4.115360849045760761e-14 4.142906503296525185e-14 5.220962578423683967e-14 3.988979876474991382e-14 3.378561486114158692e-14 -9.024761130517888106e-16 2.261650669355859747e-14 2.908039115792094109e-14 4.605239599972180443e-14 4.655474375648932182e-14 4.828966333115207537e-14 4.063717644888100360e-14 -1.366053138719753621e-14 2.477455027488665348e-14 3.803018442053349541e-14 4.920801210191468599e-14 5.787870106238924408e-14 4.479375660419739930e-14 4.560452667369023781e-14 3.512090725940567563e-14 1.800710144096770357e-14 2.105012571299278398e-14 3.727522926857504168e-14 4.420123640374589202e-14 3.936183382507094007e-14 3.138950914529972779e-14 3.279665780323567899e-14 2.617522289057241841e-14 2.959399614119554077e-14 3.937324600445163330e-14 4.268709060273196326e-14 4.830910351791025241e-14 5.463606417776734675e-14 4.339745170072788320e-14 3.409855735681589443e-14 2.439554897708899476e-14 4.471060300102062022e-14 4.455724259479496889e-14 5.700589862841309259e-14 2.960371988685426783e-14 1.928177065567433568e-14 1.742905619857730903e-14 1.847402188406418065e-14 3.229321939482716915e-14 4.522295575626559548e-14 6.032231101255896464e-14 6.474134654937364699e-14 4.416033742739078467e-14 2.133211710908901844e-14 4.603421423662114374e-14 4.755673019319237961e-14 5.281061751087468453e-14 6.690108181676184127e-14 9.863459204218552817e-14 4.074326430997148676e-14 5.249933523593192331e-14 5.919543718237823956e-14 6.276246709350545623e-14 5.759768846905415896e-14 7.048453700988097217e-14
2.704141112492447093e-13 2.232377256240761322e-13 2.969745932331541091e-13 2.279364776724199950e-13 2.465986346886379174e-13 2.330968264698913366e-13 5.394564647958364410e-13 3.454288157308285265e-13 2.807810710023190051e-13 2.950113474032035332e-13 2.720132827595640213e-13 2.498823074117009139e-13 2.310503565995097225e-13 2.480369815425860566e-13 3.651694150133287287e-13 2.946866170444899894e-13 3.228148498052756935e-13 3.049959437791444790e-13 3.007464334044937536e-13 2.674680146042841009e-13 2.859868143415030171e-13 3.958856326752683389e-13 2.972867427508201208e-13 2.810380347174874666e-13 3.336338805328939655e-13 3.339443181697194291e-13 2.995865831109712767e-13 2.915609995745939895e-13 3.070797891036223164e-13 3.079118272571053727e-13 2.666202148394391861e-13 2.409527817056473596e-13 2.549745182567477744e-13 1.841228181688383845e-13 1.896097930827261064e-13 3.461981302566768603e-13 3.924495409762159669e-13 2.986002180946091951e-13 2.684638215868949557e-13 2.514402854612095148e-13 2.300450091449581243e-13 2.080462034647576828e-13 4.312556410852598020e-13 3.796951365708388402e-13 2.830012459966981399e-13 3.065578481735900837e-13 2.649791305305773844e-13 2.483022377156211474e-13 2.290191650687766653e-13 5.028548552976694440e-13 3.531326218413394740e-13 3.848151945105940095e-13 3.459291749333038169e-13 2.941469924231387292e-13 2.956002491645799087e-13 2.592288727379236625e-13 4.548193676541970413e-13 4.234341075527257488e-13 3.806649236542217550e-13 4.015682258608923217e-13 3.509542959006417124e-13 3.114375174514194509e-13 2.859165738135930827e-13 5.395423385256081124e-13 4.663521447750617158e-13 4.513616720711294640e-13 3.875779884034680311e-13 4.200985573230052427e-13 3.647037872917440191e-13 3.189177944264299316e-13 1.045822467015053173e-14 2.616623723500609343e-14 -6.993791062316933587e-15 1.403760817665308807e-14 2.806777892284306071e-14 3.486826807252839863e-14 3.935793971981681464e-14 3.742377057926068527e-14 2.738336188899300778e-14 3.087639529202153478e-15 2.035464334868278367e-14 3.143653233060373816e-14 4.037830125455417169e-14 4.042985237098835830e-14 2.590315712857088061e-14 6.690614525837634638e-15 -5.332540971381697264e-15 1.050835847062466238e-14 3.795549030639382900e-14 4.209829737471481399e-14 4.484511216248466170e-14 3.340666643316676734e-14 1.093995832473627974e-15 -3.059422995433623998e-15 1.803838838238268606e-14 3.231371940776966394e-14 4.975995872987053878e-14 5.015015274860630260e-14 4.119335314257134392e-14 4.145778377217217017e-14 1.129814818116237266e-14 2.062361435942892847e-14 1.937986112304266009e-14 2.900124519815755474e-14 4.020404934580456624e-14 2.804715192086849429e-14 2.923022412904202108e-14 2.375916520478767252e-14 2.347992544349873275e-14 1.809295588373034297e-14 2.736757984632809832e-14 4.566645461625117552e-14 2.022440810329408706e-14 3.350656184629073772e-14 2.613859869503177553e-14 2.026341717655924781e-14 2.594732204072214080e-14 2.402911854558446046e-14 5.801695507535721994e-14 2.588011312836246618e-14 2.182614760186664006e-14 3.216088731941560863e-14 2.513813515374793532e-14 1.074764497302590431e-14 2.249356383567986588e-14 4.811042816803423418e-14 2.189461404058713445e-14 2.739886109894249277e-14 2.330759377535371483e-14 4.370448157827145140e-14 2.119309007057774574e-14 3.771317496811506313e-14 6.560554465803923400e-14 4.437189442848827042e-14 2.611104497769397643e-14 1.956467091034837428e-14 4.734434877823858058e-14 3.849840355859976274e-14 5.090241256338706332e-14 7.654992784973509876e-14
1.651059749479474074e-12 1.120096411371717357e-12 8.783687410253104854e-13 5.537482447813578422e-13 5.411153331280326514e-13 3.917159398677886489e-13 3.454288157308285265e-13 4.678548007506662997e-12 1.359853699062602642e-12 1.182533403441557796e-12 8.610151002138140707e-13 7.418163117699222886e-13 5.340047206174246991e-13 4.282827040381015390e-13 1.996025074515720398e-12 1.670056193932957850e-12 1.221322705413224857e-12 1.060460899431959182e-12 7.544393266238563939e-13 5.702048462056028824e-13 4.659722196231554272e-13 2.056514755681705722e-12 1.535130953912907293e-12 1.252118508540830931e-12 1.037602545961256327e-12 8.410487961750586357e-13 7.470723570625171534e-13 5.172264101020007358e-13 2.271540661083045478e-12 1.532488923117494498e-12 1.230054298207420704e-12 9.703515542602676144e-13 8.371356341764750470e-13 6.554889952584645098e-13 5.302029248118897934e-13 2.098592324553229953e-12 1.628610230625706836e-12 1.332507512233465001e-12 1.037865744166360297e-12 8.323737759830618242e-13 7.046778495614590236e-13 5.628688354386482826e-13 1.994172950314224286e-12 1.859338403593388819e-12 1.519874361184513386e-12 1.200964405741231097e-12 9.940785413409016029e-13 8.576772862749599379e-13 6.184832202814178172e-13 2.139305577719861508e-12 1.678289849716510729e-12 1.477954048869531368e-12 1.246522528714432596e-12 9.620479086514346947e-13 8.104915573274543482e-13 6.414525314957528207e-13 2.103510181772918798e-12 1.584535966887398405e-12 1.516986338276447832e-12 1.256172441470315561e-12 1.030398906621432071e-12 8.488632380589133088e-13 7.292616973586148354e-13 2.138605813202556158e-12 1.752482877160906623e-12 1.620602821075607582e-12 9.976655371710862280e-13 1.019107684391800958e-12 1.020285509523419769e-12 8.668539022379897716e-13 1.970427719513088970e-13 1.842337384901145190e-13 1.444108815653758527e-13 1.615829248681509004e-13 1.056212463255007446e-13 1.129401335442578995e-13 8.693275785078070937e-14 3.123072644440244307e-13 2.309283201493904706e-13 1.794812851430034157e-13 1.883830319289226332e-13 1.340029378126561102e-13 1.297239227805743465e-13 1.052346888830830940e-13 2.862124000789871367e-13 2.104937559369856900e-13 1.577096256547088121e-13 1.923097157271509016e-13 1.578854705601171849e-13 1.372733612166271360e-13 1.237171948070752766e-13 2.879992750084280336e-13 2.402318861099602970e-13 1.780906370585100346e-13 1.706677143369149083e-13 1.383989698146120752e-13 1.483509805514698329e-13 1.287065113014362901e-13 3.503194507699449560e-13 2.708331037170091781e-13 2.261807419135283055e-13 1.808459392089420030e-13 1.668847558385476314e-13 1.439305942674894601e-13 1.355884570809348314e-13 3.193083015803395742e-13 2.562792590682175436e-13 2.289586893848396391e-13 1.910342754292496510e-13 1.604737546531475621e-13 1.502661347394358051e-13 1.523936257960219370e-13 3.195509357601669176e-13 2.405110891014092701e-13 2.050757326622430820e-13 2.097565751452917187e-13 1.864021848413078406e-13 1.842085647813066325e-13 1.699291616267692069e-13 2.931865327420224888e-13 2.910808310362745666e-13 2.108582325322373971e-13 1.890598909245647580e-13 1.657248772429752918e-13 1.666017026793264462e-13 1.899182341740861678e-13 3.302609005420219233e-13 2.525159046118879242e-13 1.921506904892298074e-13 1.965511144789690730e-13 1.683462646794962593e-13 1.795807509955944206e-13 1.794046649994227153e-13 3.698359198667519720e-13 2.046208230137482426e-13 1.509286504951896212e-13 1.737737117597695025e-13 2.066647205229936597e-13 1.870009604014721554e-13 1.813644614521930392e-13
1.153276268875094686e-12 8.843669098599408240e-13 8.350196070674018526e-13 5.516267201396514811e-13 4.562067142345461996e-13 3.260952244972032468e-13 2.807810710023190051e-13 1.359853699062602642e-12 2.967271483661950002e-12 9.875459212316089192e-13 7.199927388478087259e-13 5.783555662814126852e-13 4.113399398279843765e-13 3.410489699684705215e-13 1.412444263206294330e-12 1.354589020437347905e-12 9.899154845411720276e-13 8.198943820802476612e-13 6.592222836561114843e-13 4.735752964971538510e-13 3.635022317242004628e-13 1.475123954789342362e-12 1.214671336356104409e-12 9.695500796132885494e-13 7.733505879068879092e-13 6.561308318777518576e-13 5.399838909886376765e-13 4.089837336716401312e-13 1.660840612118291659e-12 1.278999641518192288e-12 1.039018911799387440e-12 9.368778632457068770e-13 6.914301108355901032e-13 5.298625072799836083e-13 3.817124618853766371e-13 1.666681798502853126e-12 1.352561542300271795e-12 1.030506049805166614e-12 8.222244661520764745e-13 6.304156434290348011e-13 5.610614282757657339e-13 4.082948835085635104e-13 1.706789080276048461e-12 1.387426042195208030e-12 1.158650024410344553e-12 9.005857009427478459e-13 6.979459918790471854e-13 6.243962422688789887e-13 4.634024146794271483e-13 1.663824286565951251e-12 1.311341512836007600e-12 9.645809414787044672e-13 9.162067794667263827e-13 7.212082244853816774e-13 5.593783491145422739e-13 4.360827758407795469e-13 1.488434950384029888e-12 1.258229550322629443e-12 1.143532505110529533e-12 9.664437180130131699e-13 8.093037800685545076e-13 6.565516534716309944e-13 5.567907717911783258e-13 1.658505449280703820e-12 1.557135398831113356e-12 1.077825934578498990e-12 1.071841459553591989e-12 8.156664997122609992e-13 8.425583656971846978e-13 5.539571633586322289e-13 1.793945867824454095e-13 1.409547082766498145e-13 9.548397006116082039e-14 1.073081345625848705e-13 8.117801581697854443e-14 6.585218269942171428e-14 6.396160728602692307e-14 2.477697692172710476e-13 1.700566107356377108e-13 1.458822132671942109e-13 1.398245499592358136e-13 1.139296089153761656e-13 1.147161009296944229e-13 8.972266973007199996e-14 2.416973293751732245e-13 1.980593019100333578e-13 1.484315865971263405e-13 1.348623459358338642e-13 1.360137109820727511e-13 1.164582876299011689e-13 9.228660198780321018e-14 2.235919492337598130e-13 2.181880966975660874e-13 1.627203916939936781e-13 1.344048962142773561e-13 1.031142038068031199e-13 1.319339597976077441e-13 1.032554706848637454e-13 2.718535839564182333e-13 2.280388980979561172e-13 1.532917835324596383e-13 1.282966289590993805e-13 1.440217610301195485e-13 1.444344120492016559e-13 1.079989168814675336e-13 2.534024657026337785e-13 2.214489994561836356e-13 1.540200782187491930e-13 1.523696207137408531e-13 1.493739732895345795e-13 1.334503524045579010e-13 1.337510568006032170e-13 2.193511354116591982e-13 1.945317838653042466e-13 1.628136841239742326e-13 1.428625699528706863e-13 1.603357405910278541e-13 1.640083369317850293e-13 1.797423457162706822e-13 2.496149628787942659e-13 1.970180142623621056e-13 1.726399136462860159e-13 1.492023906777233251e-13 1.529082650234574465e-13 1.332282986403445185e-13 1.401153548199495511e-13 2.306800395618586515e-13 1.795303334579847755e-13 1.512030683877271594e-13 1.611212609578313260e-13 1.732998212427246289e-13 1.630860200237567538e-13 1.934234016777674643e-13 2.960901149729836362e-13 2.074006491691698028e-13 1.606043617164407816e-13 1.631053009278467985e-13 1.731323018981947789e-13 1.760505992575161240e-13 2.253496566330336693e-13
1.054432793732021927e-12 7.435994288697242311e-13 7.502046516712567653e-13 5.518057740725629495e-13 4.146927135223524481e-13 3.182556049121208713e-13 2.950113474032035332e-13 1.182533403441557796e-12 9.875459212316089192e-13 1.930292679130279786e-12 7.261084176248512188e-13 5.635314170660446861e-13 4.365649482107094204e-13 3.462746010649532632e-13 1.188264106802802395e-12 1.165922751322583965e-12 1.028012192709061491e-12 8.118011366166163267e-13 6.172547316744031534e-13 4.598255216170940419e-13 3.960489921879525538e-13 1.183828145262520302e-12 1.048329531725214625e-12 9.887310633104198816e-13 8.134396707277809949e-13 6.348127247372368252e-13 5.231840144789153048e-13 4.137267546988124822e-13 1.326187499324962456e-12 1.108016142772403736e-12 9.964920623292729377e-13 7.961598542279916571e-13 6.639065428687139493e-13 5.371373496278888395e-13 3.906451380663261737e-13 1.273802426512471145e-12 1.157598194528600718e-12 1.034039878975859803e-12 7.719705864969030797e-13 6.556213605903655733e-13 5.706344851630522298e-13 4.434814632866842354e-13 1.465705139839125653e-12 1.272833017282048718e-12 1.043933976020979628e-12 9.291817638363588406e-13 7.210577520474749468e-13 6.371208467007148014e-13 4.352930985271306815e-13 1.473270528968526965e-12 1.170054198140479049e-12 1.070685722098091590e-12 9.049035776905448473e-13 7.474804061059207216e-13 6.577128595187700552e-13 5.356462614327629383e-13 1.390106038169780779e-12 1.154771481666402622e-12 1.175829175300880867e-12 9.609290329059013564e-13 7.654289065770724605e-13 6.727193619315169138e-13 5.473387121279499046e-13 1.593733139153511537e-12 1.473402753957074263e-12 1.294671293034164355e-12 8.702165113736883889e-13 8.378722982755080137e-13 7.855576889751167954e-13 5.574219554539170973e-13 1.031704118950273448e-13 1.033652142503938002e-13 1.165957675587257070e-13 8.490603358178474319e-14 7.382186195147414960e-14 7.738116267487432859e-14 5.964630622277753762e-14 1.673230876453725529e-13 1.567202865074175730e-13 1.301021134853085547e-13 1.174866846955256127e-13 1.070592701516709217e-13 1.042219355739187707e-13 9.025177021126715240e-14 1.750319247632171393e-13 1.489885927212813804e-13 1.103185147788420117e-13 1.136701864869387080e-13 1.196792219863222143e-13 1.085732543604169723e-13 9.911716778417154705e-14 1.755600185771268976e-13 1.725712810283437659e-13 1.133238810522136608e-13 1.195036521564285119e-13 1.035124072350098499e-13 1.241234584543041382e-13 1.133527991485368527e-13 1.666481704232536535e-13 1.814695366441160524e-13 1.523684721962141514e-13 9.568935657192988306e-14 9.957625771585489748e-14 1.224827081981824998e-13 1.049297416510086643e-13 1.784169859614171145e-13 1.514321247093006991e-13 1.396160399824344490e-13 1.135655252571322225e-13 1.222937613409353082e-13 1.300933192314620571e-13 1.253889065734196764e-13 1.623024641079850471e-13 1.668101851028572221e-13 1.367481460788614185e-13 1.263825796279741843e-13 1.429426279158713557e-13 1.377070014597076241e-13 1.525693955851692337e-13 1.653624101322822267e-13 1.478616554211828077e-13 1.466314516987740246e-13 1.176474303690671021e-13 1.317292643691713954e-13 1.479289835716542213e-13 1.332977488022142873e-13 1.437689201183797944e-13 1.372370274769563501e-13 1.586995889776871638e-13 1.417255870416095335e-13 1.502040384748297411e-13 1.689757493205268375e-13 1.578511456626215453e-13 2.051077265577985624e-13 1.478970927382911088e-13 1.829638297272061329e-13 1.280831106172534453e-13 1.725184111019289024e-13 1.682502097844184914e-13 1.946514725316985571e-13
7.576066618802050699e-13 6.171733213949190780e-13 5.261343729245712304e-13 5.039499416461079720e-13 3.895291618354652177e-13 2.715572099414946331e-13 2.720132827595640213e-13 8.610151002138140707e-13 7.199927388478087259e-13 7.261084176248512188e-13 1.208918070044775512e-12 5.131117629567326718e-13 3.835074515758656430e-13 3.290175660141640463e-13 8.575462368140226776e-13 8.237008711533917589e-13 7.626629125307791247e-13 7.508958003421693998e-13 5.667645653032223094e-13 4.262144521174991679e-13 3.599816416352018304e-13 9.630548224491819672e-13 7.762988348144490584e-13 7.693708729839355562e-13 7.259582023171736581e-13 6.194621715114801818e-13 4.749938450322224176e-13 3.742419880806533402e-13 1.047620132948363163e-12 8.543923953393425530e-13 8.254577612282919199e-13 7.536002353671757544e-13 6.092427104676473129e-13 4.795039518154968412e-13 3.793257138273214649e-13 1.039518227020950853e-12 9.777504631146816426e-13 8.528145623799544913e-13 7.678648098760882549e-13 6.073649219415304465e-13 5.190235195780819642e-13 4.287418542090728590e-13 1.146495481933888362e-12 9.579188312180183960e-13 9.025740281187342110e-13 8.639123343147624661e-13 6.736004334140602089e-13 5.718408599601136644e-13 4.504601642228267019e-13 1.143059830400064329e-12 1.079479806774341076e-12 9.483942192720921009e-13 8.825989277716192766e-13 6.826070942087049660e-13 6.245078394507331070e-13 4.851345969825788189e-13 1.139475372441340396e-12 1.068118698176945582e-12 1.015264525679547498e-12 8.746327676748672157e-13 7.548022412212894375e-13 6.581485142701997589e-13 5.586533637751237235e-13 1.310292980494318577e-12 1.210316914371409976e-12 1.078002519482082601e-12 9.696323281972817826e-13 8.490781467298339359e-13 7.982878866319681728e-13 6.271669628599127326e-13 7.579224653905306473e-14 6.971945114152700704e-14 8.036713777539275905e-14 7.461518001866785542e-14 6.575785430662186273e-14 6.520484399018004605e-14 5.919745262024838139e-14 9.131480890190018907e-14 9.106610519207297446e-14 9.905753135891089146e-14 1.032367307448970866e-13 8.824817312599848907e-14 9.336405919419311966e-14 8.188997730269498195e-14 8.436576283641138689e-14 7.879917919758643785e-14 9.052796537669650663e-14 1.092124040289900880e-13 1.010411020846294979e-13 9.898095155097510045e-14 9.444404761108356162e-14 1.151954836587369640e-13 9.965519544136853672e-14 9.763580113687239650e-14 1.071725027600190430e-13 1.003268352138533461e-13 1.029220504711562776e-13 1.177386471578940656e-13 1.212056676913448730e-13 1.387006301412457898e-13 1.076516791428414878e-13 1.028066590800562629e-13 1.031526026487818073e-13 1.192988670535652860e-13 1.086790761291299034e-13 1.112855387785843766e-13 1.300901554952800288e-13 1.133371547384673419e-13 1.225196734091629604e-13 1.220636786869533227e-13 1.126151390966793990e-13 1.170076041734976756e-13 1.174263375913836330e-13 9.684366630110972535e-14 1.009568984760562978e-13 1.179941683755300440e-13 1.342905012028059209e-13 1.158160705850102793e-13 1.364615612245643867e-13 1.177672129622840958e-13 1.277069789479327700e-13 1.168781187376249835e-13 1.320077607753372639e-13 1.362916433065877552e-13 1.306256686673427692e-13 1.273130572083628668e-13 1.029271280450560203e-13 8.924493270893363394e-14 1.097456803142445537e-13 1.568126027406070675e-13 1.449857033059774292e-13 1.461922024589886339e-13 1.564397418125331975e-13 1.096190548826799662e-13 1.081290848652649521e-13 1.064231156974591926e-13 1.345016367802460299e-13 1.651182461663184930e-13 1.684258393844014616e-13 1.774326890274187316e-13
