age = 13.736330177199866
dastar = 14.017605068812458
kd = 0.13936286256409428
keq = 0.009924095392827379
nz = 401
rdrag = 148.6446920203866
rs_zdrag = 148.6446920203866
rstar = 146.0046541281353
thetad = 0.16081590324082748
thetaeq = 0.8421952441845368
thetarseq = 0.46433504519740315
thetastar = 1.0415805939131404
zdrag = 1059.859736357803
zeq = 3251.5100518678846
zstar = 1089.1370988671897
